RetinaNet + ResNet18

VOC batch_size = 16
KITTI batch_size = 32

VOC
mAP:
car: 0.019836866411633597
van: 0.002302713376357757
truck: 0.011016228432493372
pedestrian: 0.0008934644006591806
person_sitting: 0.0
cyclist: 6.577180218468389e-05
tram: 0.024975862052215362
misc: 0.0018121914715614213